2012
2
3
4
5
6
7
8
9
10
11
12
13
14
15
16
17
18
19
20
21
22
23
24
25
26
27
28
29
30
31
32
33
34
35
36
37
38
39
40
41
42
43
44
45
46
47
48
49
50
51
52
53
54
55
56
57
58
59
60
61
62
63
64
65
66
67
68
69
70
71
72
73
74
75
76
77
78
79
80
81
82
83
84
85
86
87
88
89
90
91
92
93
94
95
96
97
98
99
100
101
102
103
104
105
106
107
108
109
110
111
112
113
114
115
116
117
118
119
120
121
122
123
124
2010
125
126
127
128
129
130
131
132
133
134
135
136
137
138
139
140
141
142
143
144
145
146
147
148
149
150
151
152
153
154
155
156
157
158
159
160
161
162
163
164
165
166
167
168
169
170
171
172
173
174
175
176
177
178
179
955
180
858
181
815
182
800
183
777
184
673
185
625
186
559
187
369
1
977
969
869
819
760
715
688
634
614
483
439
248
982
920
880
846
810
753
637
397
341
280
234
649
699
1699
1399
1819
1299
999
1500
320
599
2013
2009
2011
2008
2006
1982
1999
1985
1997
2000
2005
2001
2004
350
0
256
250
512
1024
200
1000
1200
2200
8200
2600
1800
1400
1600
2048
2700
6144
192
384
288
576
768
290
1536
6010
2007
1995
1988
2002
1992
2003
1987
1994
1989
1990
1991
1993
1998
20022006
20042008
8051
400
1066
1986
1996
1941
1942
1984
2018
425
500
380
750
435
652
600
832
680
198
240
1250
3200
6400
2014
1983
1980
1976
900
13050
10780
2270
1010
11678
8040
3638
300
11212
7945
3267
1825
11440
8100
3340
330
2358
12998
9600
3398
360
9900
7870
2030
2465
12313
9712
2601
1125
12162
9375
2785
10822
8793
2029
260
10650
10050
275
10800
9200
8880
700
3148
12408
9280
3128
1365
13010
2210
420
11960
10790
1170
375
9850
1650
12300
10400
3087
460
11700
10500
3332
12510
8104
4406
406
9202
8202
220
2965
10568
6900
3668
349
470
9895
7885
252
12570
8725
3845
315
5289
12250
8120
4130
193
370
2762
12060
9000
3060
365
11904
10300
1604
480
255
1977
1978
1981
864
5247
000
001
002
003
004
005
006
010
020
030
050
060
070
080
090
188
189
190
210
212
221
225
226
227
228
229
230
232
236
270
282
283
284
286
287
289
292
295
296
297
301
310
327
331
332
333
336
339
340
345
346
347
352
353
355
361
362
363
364
366
367
368
371
372
373
374
376
377
378
382
383
385
386
387
388
390
391
392
393
395
398
410
411
412
414
415
419
430
440
449
450
459
469
490
492
494
495
496
497
498
510
513
514
515
516
519
520
521
530
531
532
533
534
535
536
537
538
539
540
541
542
543
544
545
546
547
548
549
550
551
552
553
560
570
572
573
574
575
577
578
579
580
581
582
585
586
590
591
592
593
594
595
596
597
598
607
608
610
611
612
615
617
618
619
620
621
622
623
624
627
628
629
630
631
632
633
636
638
639
640
650
653
657
658
659
660
670
690
708
710
720
730
736
738
739
740
746
748
749
761
763
764
765
767
770
780
781
782
783
784
785
786
787
788
790
792
793
795
796
797
799
820
830
840
850
860
870
890
910
911
912
914
915
916
917
918
919
930
938
940
942
943
944
945
946
947
948
950
951
952
953
954
960
961
962
963
965
966
967
968
970
971
972
973
980
981
983
984
985
987
988
990
993
994
995
803
069
909
529
737
304
335
204800
2786
1530
1663
1205
102400
1320
1180
2293
25600
1815
2340
755
12800
854
926
813
696
822
703
721
571
681
722
663
692
664
843
719
502
91000
1005
1220
3253
1246
2303
2016
2980
1167
1183
868
1131
505
563
1262
51200
1162
1129
811
1431
895
1415
1121
203
274
305
279
191
711
1968
1973
1938
1939
1934
1936
1937
1935
1931
1940
1979
1961
1895
1969
1898
1953
1948
4131
4136
4652
5250
888
13450
4624
2500
1696
466
4007
9971
16000
8000
1974
1964
1972
1975
1971
2180
1966
1970
1933
1959
1962
1965
6502
7018
313
1273
408
7922
3549
6939
2497
13030
11537
754
4739
3356
8218
4436
2914
209
487
3561
1239
6175
6453
6762
3257
6830
701
452
2828
424
24130
525
522
312
528
526
314
683
873
421
265
695
5400
7200
15000
605
602
992
478
3000
807
1057
1381
2195
3790
8400
10211
1074
1149
1925
26000
32000
194
216
195
1070
1100
1240
825
675
455
485
475
309
741
742
508
244
899
935
5845
4061
1967
348
261
684
4000
2618
503
1957
1960
447
357
259
443
1963
311
1958
306
431
429
446
338
342
278
285
263
268
448
462
277
451
454
445
219
324
8191
205
276
1956
5316
254
0001
9999
32768
99999999
0100
802
507
253
197
201
1916
1917
1918
432
235
0004
0009
0012
0013
0016
0018
0020
0022
0023
0025
0030
0033
0039
0045
0047
0049
0050
0054
0055
0059
0060
0065
0066
0068
0070
0073
0077
0078
0079
0080
0082
0083
0084
0085
0086
0090
0091
0092
0093
0095
0096
0106
0107
0108
0114
0115
0118
0122
0124
0126
0128
0130
0131
0133
0136
0137
0138
0148
0153
0154
0157
0158
0159
0160
0161
0163
0168
0170
0171
0172
0175
0176
0178
0182
0184
0185
0189
0190
0191
0192
0193
0194
0195
0198
0199
0202
0203
0205
0206
0209
0212
0214
0215
0216
0220
0221
0223
0225
0227
0230
0232
0233
0235
0236
0237
0238
0241
0243
0248
0252
0253
0254
0255
0256
0257
0258
0259
0268
0270
0273
0278
0279
0280
0288
0289
0302
0309
0313
206
996
1740
325
1300
2800
3040
3296
666
3400
6800
3800
7600
4800
5700
1120
8320
1040
6084
8112
1080
8640
1050
4704
6272
588
321
725
775
601
215
396
405
693
668
828
269
1056
1560
1840
1110
2100
1520
2900
5800
242
956
826
959
975
1360
2400
399
1008
2154
334
1792
239
2088
2720
379
479
4640
928
294
716
1700
1344
1488
2640
389
1920
2253
1375
2703
5099
667
416
1280
2080
2560
4313
925
3072
717
264
1894
723
875
1150
835
4096
6200
438
5632
704
444
224
2176
2304
344
208
1860
464
1440
2432
648
6000
243
4400
853
7800
752
1132
2562
3577
2572
266
0042
1720
733
0046
4102
759
1900
3600
3900
4200
5100
5600
1260
6720
4480
15600
24000
13200
8800
567
1230
1188
1450
484
504
1625
1350
2160
1688
1836
705
589
1402
486
1242
727
1340
1620
702
1512
896
202
1404
2268
1296
2214
1476
2484
204
1580
1302
238
1189
1566
3608
1950
778
1556
4008
1215
3206
3348
1401
3696
523
1046
4104
1472
3828
1645
732
1464
12802560
772
1544
3414
5121024
1798
902
1782
5010
776
1552
1914
894
2540
823
1058
1032
1084
3540
1006
1019
1870
1020
1085
1044
1306
1896
1033
1124
2257
2460
20484096
1130
3213
7080
561
863
1002
3977
5046
837
876
4500
889
5000
1075
1325
1550
1210
1463
562
606
1212
1265
233
1249
1436
413
1480
1030
672
1196
1152
1876
1204
1540
1026
359
1148
651
1301
1332
706
12288
5196
1732
1750
343
1288
247
3092
3132
3700
1664
5152
745
5340
4577
5120
5200
4106
3519
1173
4591
3935
1312
5364
4291
1430
654
8192
771
1470
932
1864
74800
